Sample	chrom	pos	ref	total	A	C	G	T	PctA	PctC	PctG	PctT
sample1	chr4	114680429	C	8885	0	8883	0	2	0	99.98	0	0.02
sample1	chr4	114680430	A	8829	8826	0	3	0	99.97	0	0.03	0
sample1	chr4	114680431	T	8833	2	3	1	8827	0.02	0.03	0.01	99.93
sample1	chr4	114680432	G	8906	6	4	8895	1	0.07	0.04	99.88	0.01
sample1	chr4	114680433	A	8922	8914	0	4	4	99.91	0	0.04	0.04
sample1	chr4	114680434	C	8818	4	8809	0	5	0.05	99.9	0	0.06
sample1	chr4	114680435	A	8764	8757	0	7	0	99.92	0	0.08	0
sample1	chr4	114680436	A	8786	8776	0	9	1	99.89	0	0.1	0.01
sample1	chr4	114680437	A	8922	8918	0	1	3	99.96	0	0.01	0.03
sample1	chr4	114680438	T	8928	0	8	1	8919	0	0.09	0.01	99.9
sample1	chr4	114680439	A	8927	8921	0	6	0	99.93	0	0.07	0
sample1	chr4	114680440	C	8953	1	8950	0	2	0.01	99.97	0	0.02
sample1	chr4	114680441	A	8870	8854	0	15	1	99.82	0	0.17	0.01
sample1	chr4	114680442	A	9020	9009	0	8	3	99.88	0	0.09	0.03
sample1	chr4	114680443	A	9004	9002	1	1	0	99.98	0.01	0.01	0
sample1	chr4	114680444	A	9050	9049	1	0	0	99.99	0.01	0	0
sample1	chr4	114680445	T	9043	1	4	3	9035	0.01	0.04	0.03	99.91
sample1	chr4	114680446	T	8923	1	6	0	8916	0.01	0.07	0	99.92
sample1	chr4	114680447	A	8994	8987	0	5	2	99.92	0	0.06	0.02
sample1	chr4	114680448	A	9038	9037	0	1	0	99.99	0	0.01	0
sample1	chr4	114680449	C	9157	8	9145	0	4	0.09	99.87	0	0.04
sample1	chr4	114680450	C	9357	2	9353	0	2	0.02	99.96	0	0.02
sample1	chr4	114680451	A	9327	9314	0	13	0	99.86	0	0.14	0
sample1	chr4	114680452	A	9562	9556	0	0	6	99.94	0	0	0.06
sample1	chr4	114680453	T	9629	3	5	1	9620	0.03	0.05	0.01	99.91
sample1	chr4	114680454	A	9653	9648	0	4	1	99.95	0	0.04	0.01
sample1	chr4	114680455	T	9705	0	8	0	9697	0	0.08	0	99.92
sample1	chr4	114680456	A	9725	9721	0	3	1	99.96	0	0.03	0.01
sample1	chr4	114680457	T	9790	0	11	0	9779	0	0.11	0	99.89
sample1	chr4	114680458	G	9736	4	1	9731	0	0.04	0.01	99.95	0
sample1	chr4	114680459	T	9565	4	6	0	9555	0.04	0.06	0	99.9
sample1	chr4	114680460	G	9562	4	0	9557	1	0.04	0	99.95	0.01
sample1	chr4	114680461	G	9468	2	0	9464	2	0.02	0	99.96	0.02
sample1	chr4	114680462	T	9413	2	8	1	9402	0.02	0.08	0.01	99.88
sample1	chr4	114680463	T	9395	1	8	0	9386	0.01	0.09	0	99.9
sample1	chr4	114680464	G	9364	10	0	9340	14	0.11	0	99.74	0.15
sample1	chr4	114680465	A	9523	9515	0	8	0	99.92	0	0.08	0
sample1	chr4	114680466	A	9629	9614	0	12	3	99.84	0	0.12	0.03
sample1	chr4	114680467	A	9666	9653	0	13	0	99.87	0	0.13	0
sample1	chr4	114680468	A	9704	9697	1	4	2	99.93	0.01	0.04	0.02
sample1	chr4	114680469	T	9700	0	3	2	9695	0	0.03	0.02	99.95
sample1	chr4	114680470	A	9650	9620	4	20	6	99.69	0.04	0.21	0.06
sample1	chr4	114680471	C	9660	1	9658	0	1	0.01	99.98	0	0.01
sample1	chr4	114680472	C	9609	0	9604	0	5	0	99.95	0	0.05
sample1	chr4	114680473	C	9561	3	9551	0	7	0.03	99.9	0	0.07
sample1	chr4	114680474	A	9476	9445	4	21	6	99.67	0.04	0.22	0.06
sample1	chr4	114680475	C	9556	1	9555	0	0	0.01	99.99	0	0
sample1	chr4	114680476	C	9585	3	9579	0	3	0.03	99.94	0	0.03
sample1	chr4	114680477	C	9464	10	9054	0	400	0.11	95.67	0	4.23
sample1	chr4	114680478	C	9404	5	9398	0	1	0.05	99.94	0	0.01
sample1	chr4	114680479	T	9384	4	9	0	9371	0.04	0.1	0	99.86
sample1	chr4	114680480	A	9330	8928	3	8	391	95.69	0.03	0.09	4.19
sample1	chr4	114680481	G	9377	3	4	9368	2	0.03	0.04	99.9	0.02
sample1	chr4	114680482	C	9489	9	9469	4	7	0.09	99.79	0.04	0.07
sample1	chr4	114680483	A	9704	9288	2	393	21	95.71	0.02	4.05	0.22
sample1	chr4	114680484	G	9169	17	11	9133	8	0.19	0.12	99.61	0.09
sample1	chr4	114680485	A	9072	9061	4	7	0	99.88	0.04	0.08	0
sample1	chr4	114680486	A	9058	8668	1	384	5	95.69	0.01	4.24	0.06
sample1	chr4	114680487	A	9142	9136	5	1	0	99.93	0.05	0.01	0
sample1	chr4	114680488	G	9211	3	0	9208	0	0.03	0	99.97	0
sample1	chr4	114680489	C	9228	0	9226	0	2	0	99.98	0	0.02
sample1	chr4	114680490	T	9125	7	5	2	9111	0.08	0.05	0.02	99.85
sample1	chr4	114680491	T	9186	0	6	0	9180	0	0.07	0	99.93
sample1	chr4	114680492	T	9180	1	2	1	9176	0.01	0.02	0.01	99.96
sample1	chr4	114680493	T	9200	1	9	0	9190	0.01	0.1	0	99.89
sample1	chr4	114680494	T	9204	0	9	1	9194	0	0.1	0.01	99.89
sample1	chr4	114680495	G	9172	1	0	9169	2	0.01	0	99.97	0.02
sample1	chr4	114680496	G	9208	6	0	9200	2	0.07	0	99.91	0.02
sample1	chr4	114680497	T	9088	3	7	1	9077	0.03	0.08	0.01	99.88
sample1	chr4	114680498	G	9111	6	0	9105	0	0.07	0	99.93	0
sample1	chr4	114680499	T	9082	0	5	2	9075	0	0.06	0.02	99.92
sample1	chr4	114680500	T	9050	2	18	1	9029	0.02	0.2	0.01	99.77
sample1	chr4	114680501	G	9065	2	4	9058	1	0.02	0.04	99.92	0.01
sample1	chr4	114680502	A	9044	9035	0	5	4	99.9	0	0.06	0.04
sample1	chr4	114680503	T	9130	1	7	0	9122	0.01	0.08	0	99.91
sample1	chr4	114680504	A	9148	9140	0	6	2	99.91	0	0.07	0.02
sample1	chr4	114680505	A	9122	9120	0	0	2	99.98	0	0	0.02
sample1	chr4	114680506	T	9105	0	2	2	9101	0	0.02	0.02	99.96
sample1	chr4	114680507	T	8981	0	398	1	8582	0	4.43	0.01	95.56
sample1	chr4	114680508	T	8926	0	396	0	8530	0	4.44	0	95.56
sample1	chr4	114680509	T	8876	2	6	0	8868	0.02	0.07	0	99.91
sample1	chr4	114680510	G	8824	1	0	8820	3	0.01	0	99.95	0.03
sample1	chr4	114680511	G	8804	1	1	8801	1	0.01	0.01	99.97	0.01
sample1	chr4	114680512	C	8811	4	8805	0	2	0.05	99.93	0	0.02
sample1	chr4	114680513	A	8678	8669	1	8	0	99.9	0.01	0.09	0
sample1	chr4	114680514	G	8745	0	0	8744	1	0	0	99.99	0.01
sample1	chr4	114680515	C	8735	3	8730	0	2	0.03	99.94	0	0.02
sample1	chr4	114680516	A	8782	8778	0	4	0	99.95	0	0.05	0
sample1	chr4	114680517	T	8774	1	7	0	8766	0.01	0.08	0	99.91
sample1	chr4	114680518	A	8805	8804	0	1	0	99.99	0	0.01	0
sample1	chr4	114680519	T	8931	1	6	0	8924	0.01	0.07	0	99.92
sample1	chr4	114680520	T	8905	2	8	0	8895	0.02	0.09	0	99.89
sample1	chr4	114680521	C	8847	3	8843	0	1	0.03	99.95	0	0.01
sample1	chr4	114680522	T	8709	5	6	2	8696	0.06	0.07	0.02	99.85
sample1	chr4	114680523	T	8554	0	3	0	8551	0	0.04	0	99.96
sample1	chr4	114680524	G	8576	2	0	8570	4	0.02	0	99.93	0.05
sample1	chr4	114680525	T	8477	1	6	1	8469	0.01	0.07	0.01	99.91
sample1	chr4	114680526	C	8497	3	8492	0	2	0.04	99.94	0	0.02
sample1	chr4	114680527	C	8474	0	8471	0	3	0	99.96	0	0.04
sample1	chr4	114680528	A	8292	8283	2	7	0	99.89	0.02	0.08	0
sample1	chr4	114680529	G	8329	6	0	8323	0	0.07	0	99.93	0
sample1	chr4	114680530	T	8401	4	12	2	8383	0.05	0.14	0.02	99.79
sample1	chr4	114680531	A	8381	8370	0	8	3	99.87	0	0.1	0.04
sample1	chr4	114680532	G	8362	2	0	8358	2	0.02	0	99.95	0.02
sample1	chr4	114680533	G	8351	3	0	8347	1	0.04	0	99.95	0.01
sample1	chr4	114680534	A	8442	8429	0	12	1	99.85	0	0.14	0.01
sample1	chr4	114680535	A	8463	8460	1	2	0	99.96	0.01	0.02	0
sample1	chr4	114680536	T	8456	0	0	1	8455	0	0	0.01	99.99
sample1	chr4	114680537	T	8520	0	5	0	8515	0	0.06	0	99.94
sample1	chr4	114680538	T	8454	2	3	0	8449	0.02	0.04	0	99.94
sample1	chr4	114680539	T	8589	0	13	0	8576	0	0.15	0	99.85
sample1	chr4	114680540	C	8542	0	8540	0	2	0	99.98	0	0.02
sample1	chr4	114680541	A	8548	8543	0	4	1	99.94	0	0.05	0.01
sample1	chr4	114680542	T	8519	2	0	0	8517	0.02	0	0	99.98
sample1	chr4	114680543	A	8449	8442	0	4	3	99.92	0	0.05	0.04
sample1	chr4	114680544	C	8472	5	8460	0	7	0.06	99.86	0	0.08
sample1	chr4	114680545	A	8365	8361	1	3	0	99.95	0.01	0.04	0
sample1	chr4	114680546	T	8384	2	4	1	8377	0.02	0.05	0.01	99.92
sample1	chr4	114680547	C	8265	3	8259	0	3	0.04	99.93	0	0.04
sample1	chr4	114680548	T	8149	0	0	0	8149	0	0	0	100
sample2	chr4	114680429	C	10006	0	10006	0	0	0	100	0	0
sample2	chr4	114680430	A	9968	9964	1	2	1	99.96	0.01	0.02	0.01
sample2	chr4	114680431	T	9970	1	9	0	9960	0.01	0.09	0	99.9
sample2	chr4	114680432	G	10068	8	0	10056	4	0.08	0	99.88	0.04
sample2	chr4	114680433	A	10107	10099	0	6	2	99.92	0	0.06	0.02
sample2	chr4	114680434	C	9967	4	9960	0	3	0.04	99.93	0	0.03
sample2	chr4	114680435	A	9926	9924	1	1	0	99.98	0.01	0.01	0
sample2	chr4	114680436	A	9960	9947	3	10	0	99.87	0.03	0.1	0
sample2	chr4	114680437	A	10118	10118	0	0	0	100	0	0	0
sample2	chr4	114680438	T	10129	1	1	1	10126	0.01	0.01	0.01	99.97
sample2	chr4	114680439	A	10111	10094	1	14	2	99.83	0.01	0.14	0.02
sample2	chr4	114680440	C	10150	1	10144	0	5	0.01	99.94	0	0.05
sample2	chr4	114680441	A	10050	10036	2	12	0	99.86	0.02	0.12	0
sample2	chr4	114680442	A	10245	10239	1	5	0	99.94	0.01	0.05	0
sample2	chr4	114680443	A	10249	10246	0	1	2	99.97	0	0.01	0.02
sample2	chr4	114680444	A	10300	10297	0	1	2	99.97	0	0.01	0.02
sample2	chr4	114680445	T	10290	0	11	3	10276	0	0.11	0.03	99.86
sample2	chr4	114680446	T	10180	1	7	1	10171	0.01	0.07	0.01	99.91
sample2	chr4	114680447	A	10257	10248	2	3	4	99.91	0.02	0.03	0.04
sample2	chr4	114680448	A	10306	10295	0	4	7	99.89	0	0.04	0.07
sample2	chr4	114680449	C	10410	7	10403	0	0	0.07	99.93	0	0
sample2	chr4	114680450	C	10620	1	10619	0	0	0.01	99.99	0	0
sample2	chr4	114680451	A	10636	10623	0	13	0	99.88	0	0.12	0
sample2	chr4	114680452	A	10868	10862	1	2	3	99.94	0.01	0.02	0.03
sample2	chr4	114680453	T	10929	0	1	3	10925	0	0.01	0.03	99.96
sample2	chr4	114680454	A	10961	10952	0	9	0	99.92	0	0.08	0
sample2	chr4	114680455	T	11010	2	5	0	11003	0.02	0.05	0	99.94
sample2	chr4	114680456	A	11088	11076	3	8	1	99.89	0.03	0.07	0.01
sample2	chr4	114680457	T	11113	1	8	2	11102	0.01	0.07	0.02	99.9
sample2	chr4	114680458	G	11066	9	2	11055	0	0.08	0.02	99.9	0
sample2	chr4	114680459	T	10868	7	6	1	10854	0.06	0.06	0.01	99.87
sample2	chr4	114680460	G	10833	5	0	10823	5	0.05	0	99.91	0.05
sample2	chr4	114680461	G	10699	3	0	10694	2	0.03	0	99.95	0.02
sample2	chr4	114680462	T	10667	2	11	2	10652	0.02	0.1	0.02	99.86
sample2	chr4	114680463	T	10598	0	6	0	10592	0	0.06	0	99.94
sample2	chr4	114680464	G	10516	4	2	10509	1	0.04	0.02	99.93	0.01
sample2	chr4	114680465	A	10636	10622	2	7	5	99.87	0.02	0.07	0.05
sample2	chr4	114680466	A	10715	10706	0	6	3	99.92	0	0.06	0.03
sample2	chr4	114680467	A	10760	10749	0	5	6	99.9	0	0.05	0.06
sample2	chr4	114680468	A	10793	10791	0	1	1	99.98	0	0.01	0.01
sample2	chr4	114680469	T	10776	1	5	1	10769	0.01	0.05	0.01	99.94
sample2	chr4	114680470	A	10714	10676	2	31	5	99.65	0.02	0.29	0.05
sample2	chr4	114680471	C	10659	0	10659	0	0	0	100	0	0
sample2	chr4	114680472	C	10595	4	10586	0	5	0.04	99.92	0	0.05
sample2	chr4	114680473	C	10513	4	10499	0	10	0.04	99.87	0	0.1
sample2	chr4	114680474	A	10391	10349	2	35	5	99.6	0.02	0.34	0.05
sample2	chr4	114680475	C	10437	3	10431	0	3	0.03	99.94	0	0.03
sample2	chr4	114680476	C	10394	1	10390	0	3	0.01	99.96	0	0.03
sample2	chr4	114680477	C	10133	4	8867	2	1260	0.04	87.51	0.02	12.43
sample2	chr4	114680478	C	10046	6	10035	0	5	0.06	99.89	0	0.05
sample2	chr4	114680479	T	10029	0	6	0	10023	0	0.06	0	99.94
sample2	chr4	114680480	A	9772	8520	6	7	1239	87.19	0.06	0.07	12.68
sample2	chr4	114680481	G	9776	4	7	9763	2	0.04	0.07	99.87	0.02
sample2	chr4	114680482	C	9967	32	9916	3	16	0.32	99.49	0.03	0.16
sample2	chr4	114680483	A	10462	9257	3	1184	18	88.48	0.03	11.32	0.17
sample2	chr4	114680484	G	9544	23	19	9484	18	0.24	0.2	99.37	0.19
sample2	chr4	114680485	A	9442	9423	4	12	3	99.8	0.04	0.13	0.03
sample2	chr4	114680486	A	9445	8258	1	1179	7	87.43	0.01	12.48	0.07
sample2	chr4	114680487	A	9823	9810	0	7	6	99.87	0	0.07	0.06
sample2	chr4	114680488	G	9875	1	4	9868	2	0.01	0.04	99.93	0.02
sample2	chr4	114680489	C	9928	2	9917	2	7	0.02	99.89	0.02	0.07
sample2	chr4	114680490	T	9868	10	6	2	9850	0.1	0.06	0.02	99.82
sample2	chr4	114680491	T	9943	2	1	1	9939	0.02	0.01	0.01	99.96
sample2	chr4	114680492	T	9964	1	9	3	9951	0.01	0.09	0.03	99.87
sample2	chr4	114680493	T	10011	3	17	1	9990	0.03	0.17	0.01	99.79
sample2	chr4	114680494	T	10012	3	12	2	9995	0.03	0.12	0.02	99.83
sample2	chr4	114680495	G	9988	4	0	9979	5	0.04	0	99.91	0.05
sample2	chr4	114680496	G	9984	4	0	9977	3	0.04	0	99.93	0.03
sample2	chr4	114680497	T	9847	5	12	1	9829	0.05	0.12	0.01	99.82
sample2	chr4	114680498	G	9879	0	0	9879	0	0	0	100	0
sample2	chr4	114680499	T	9843	2	7	0	9834	0.02	0.07	0	99.91
sample2	chr4	114680500	T	9853	1	12	2	9838	0.01	0.12	0.02	99.85
sample2	chr4	114680501	G	9883	12	6	9860	5	0.12	0.06	99.77	0.05
sample2	chr4	114680502	A	9881	9870	1	3	7	99.89	0.01	0.03	0.07
sample2	chr4	114680503	T	10023	7	7	0	10009	0.07	0.07	0	99.86
sample2	chr4	114680504	A	10083	10073	0	10	0	99.9	0	0.1	0
sample2	chr4	114680505	A	10060	10058	0	2	0	99.98	0	0.02	0
sample2	chr4	114680506	T	10048	3	4	0	10041	0.03	0.04	0	99.93
sample2	chr4	114680507	T	9922	0	1111	2	8809	0	11.2	0.02	88.78
sample2	chr4	114680508	T	9863	2	1114	0	8747	0.02	11.29	0	88.68
sample2	chr4	114680509	T	9850	6	8	0	9836	0.06	0.08	0	99.86
sample2	chr4	114680510	G	9823	7	0	9816	0	0.07	0	99.93	0
sample2	chr4	114680511	G	9787	4	2	9779	2	0.04	0.02	99.92	0.02
sample2	chr4	114680512	C	9789	3	9774	2	10	0.03	99.85	0.02	0.1
sample2	chr4	114680513	A	9580	9570	0	8	2	99.9	0	0.08	0.02
sample2	chr4	114680514	G	9661	0	0	9660	1	0	0	99.99	0.01
sample2	chr4	114680515	C	9723	0	9723	0	0	0	100	0	0
sample2	chr4	114680516	A	9776	9767	0	4	5	99.91	0	0.04	0.05
sample2	chr4	114680517	T	9781	2	6	0	9773	0.02	0.06	0	99.92
sample2	chr4	114680518	A	9787	9781	0	4	2	99.94	0	0.04	0.02
sample2	chr4	114680519	T	9908	1	0	2	9905	0.01	0	0.02	99.97
sample2	chr4	114680520	T	9882	3	5	1	9873	0.03	0.05	0.01	99.91
sample2	chr4	114680521	C	9828	2	9819	0	7	0.02	99.91	0	0.07
sample2	chr4	114680522	T	9730	0	7	2	9721	0	0.07	0.02	99.91
sample2	chr4	114680523	T	9550	0	9	0	9541	0	0.09	0	99.91
sample2	chr4	114680524	G	9574	1	0	9572	1	0.01	0	99.98	0.01
sample2	chr4	114680525	T	9462	7	9	1	9445	0.07	0.1	0.01	99.82
sample2	chr4	114680526	C	9490	0	9484	0	6	0	99.94	0	0.06
sample2	chr4	114680527	C	9436	3	9426	3	4	0.03	99.89	0.03	0.04
sample2	chr4	114680528	A	9254	9245	0	8	1	99.9	0	0.09	0.01
sample2	chr4	114680529	G	9284	3	2	9279	0	0.03	0.02	99.95	0
sample2	chr4	114680530	T	9345	2	5	2	9336	0.02	0.05	0.02	99.9
sample2	chr4	114680531	A	9309	9296	0	11	2	99.86	0	0.12	0.02
sample2	chr4	114680532	G	9255	4	0	9247	4	0.04	0	99.91	0.04
sample2	chr4	114680533	G	9259	6	0	9245	8	0.06	0	99.85	0.09
sample2	chr4	114680534	A	9416	9408	0	6	2	99.92	0	0.06	0.02
sample2	chr4	114680535	A	9407	9402	0	5	0	99.95	0	0.05	0
sample2	chr4	114680536	T	9370	1	0	1	9368	0.01	0	0.01	99.98
sample2	chr4	114680537	T	9456	0	6	1	9449	0	0.06	0.01	99.93
sample2	chr4	114680538	T	9393	0	3	1	9389	0	0.03	0.01	99.96
sample2	chr4	114680539	T	9556	0	4	2	9550	0	0.04	0.02	99.94
sample2	chr4	114680540	C	9478	2	9471	0	5	0.02	99.93	0	0.05
sample2	chr4	114680541	A	9477	9474	0	2	1	99.97	0	0.02	0.01
sample2	chr4	114680542	T	9424	1	1	0	9422	0.01	0.01	0	99.98
sample2	chr4	114680543	A	9373	9365	0	5	3	99.91	0	0.05	0.03
sample2	chr4	114680544	C	9386	7	9373	0	6	0.07	99.86	0	0.06
sample2	chr4	114680545	A	9286	9282	0	4	0	99.96	0	0.04	0
sample2	chr4	114680546	T	9273	0	7	1	9265	0	0.08	0.01	99.91
sample2	chr4	114680547	C	9166	2	9164	0	0	0.02	99.98	0	0
sample2	chr4	114680548	T	9055	0	1	2	9052	0	0.01	0.02	99.97
